Sample_id,Class_1,Class_2,Class_3,Class_4,Class_5,Class_6,Class_7,Class_8,Class_9,Class_10
1,0.15586097087863138,0.05424567778656162,0.3767869521618502,0.017025441941603228,0.10081032747606392,0.07603721682932461,0.2101492750834563,3.469745442706198e-05,0.006062990964642146,0.002986449423439553
2,0.03728633197150868,0.008811447230205327,0.19579185870127014,0.003897331555838823,0.026200072402188128,0.0069436541809002935,0.23848237211184814,0.004224973354414481,0.47704532077816253,0.001316637713663517
3,0.7416750390486558,0.016268197171695146,0.00010161285184287559,0.001104114863504924,0.06425818806792803,0.017108799762867888,0.10963814773480494,0.023066477809332235,7.781408400400862e-05,0.026701608605364205
4,0.953522088638978,0.032302280457858136,0.0005365257939272223,3.1428196721293745e-06,0.003230433418155805,4.701860780817536e-05,0.008757518630746397,0.0008487572642017106,0.00022693784473264893,0.000525296523919699
5,0.9404516707809848,0.005946483560551041,0.0015641380930005522,0.0007910155019447372,0.0002872702910563328,0.03335834880315613,0.002729357855781099,0.009269074055226124,0.0013106902564339637,0.004291950801865374
6,0.5811810112288155,0.0036452374292380257,0.0038409348350066696,0.0007585653125837048,0.07455681024248657,0.08276475604221088,0.012276033842387386,0.23951005493139194,0.00017956537262718802,0.001287030763252357
7,0.23915500956419317,0.02616733277412511,0.021898788016773738,0.02760638059214937,0.35657654204089384,0.16216378937048972,0.04167995106079966,0.0018259065610192718,0.0908648499547958,0.032061450064760334
8,0.7731395191441608,0.011154830507683556,2.518516231280507e-05,0.009442225282105634,0.09609544324308254,0.0007042508874584555,0.03276529051605129,0.07619537769313355,3.893235679615116e-06,0.00047398432833186207
9,0.9636938295649331,0.000577600038401851,0.0037309172122889154,0.0004893403139593368,0.02299938893845599,0.0031961109578832565,0.0034858837541557916,0.001321409753696672,1.699008024342502e-05,0.0004885293859816206
10,0.44554945289378617,0.48537066476546564,0.015747712309707243,0.0004965873425916061,0.001580120540484564,0.0004207768886663651,0.0007664348239023359,0.03783364983486559,0.009854630311204385,0.0023799702893261363
11,0.8288831935886339,0.01739325905090219,0.006580249798707686,0.00037895182566657123,0.037401209870159005,0.05827312041265977,0.022317666985283063,0.02841643520139525,5.780732952333523e-06,0.0003501325336399942
12,0.03221414873743437,0.005279203123176914,0.1393578360218682,0.10342489154921253,0.3902057389698109,0.0006376605608291089,0.0956960560146933,0.010400518043939004,2.302247187203102e-07,0.22278371675431702
13,0.9051931127644431,0.025489598931846838,0.044034992859917695,0.0005490622593136417,0.0018739333302319578,0.016007497275410416,0.004949958460154707,6.134461815776872e-05,0.00018332338631729282,0.0016571761142064076
14,0.3354711122630999,0.0015788715276019772,0.013612322256936954,0.22142167312686672,0.06125390791566466,0.0037396119876869117,0.00042790723673858576,0.15288299456419602,0.023495220912129425,0.18611637820907878
15,0.6895579538193466,0.03555175879705666,0.0016619558993121054,0.1538384973864557,0.0007633642866185745,0.030741001939120192,0.08470268519064739,0.0001163955568064498,6.199590612099125e-05,0.0030043912185153342
16,0.4619726547395737,0.029624577877232702,0.00031533721034250666,0.0154263638840153,0.030864238916550026,0.0037580651039093656,0.08553106770464508,0.35724612573790376,3.6861112571231415e-05,0.015224707713256421
17,0.36026562819817104,0.11124356587778386,0.21384720121347994,0.00840677230903421,0.0329805232542946,0.1697647372298896,0.007137800094885144,0.011223152882325352,0.03801002800359829,0.04712059093653803
18,0.9792664509301465,0.006183108795380001,0.01174055078447675,7.032357517285045e-07,0.0005159092995555522,0.0020304519384633734,2.952272181060939e-05,0.00022133661509781641,8.319429017296042e-07,1.1133736415768106e-05
19,0.2846980234279902,0.011076045204761117,0.5186984217581183,2.195828088058051e-05,0.003966550121887013,0.1744288912099665,0.004030824585830002,0.0023811397851860906,7.292537985575513e-06,0.0006908530873947673
20,0.2515957572387941,0.6295342072473207,0.0005152852763706948,0.006718436559402445,0.0014358650692453273,0.006636209470957031,0.002861778923395059,4.630073770304464e-05,0.10050758078010347,0.00014857869670824506
21,0.3846875286516546,0.54518007819547,0.05863548797051771,1.8508440490422237e-05,0.0001389075626530383,0.0016745632426401643,0.0070369587446017755,2.611248134177159e-06,4.963269552417588e-06,0.002620392674285577
22,0.7445126107140085,0.006305522003331692,0.15095339563401017,0.011397362912580292,0.0056971306049747135,0.038641273899767195,0.03361725302143809,0.002474429867602375,0.0009749116161410536,0.0054261097261459135
23,0.9220788571715366,0.006289760033261062,0.01629428711590756,0.02309743091179016,0.020761743566284307,0.0036099048702778504,0.0028639344344860863,0.0017919001482721516,5.358979131019109e-06,0.0032068227690533347
24,0.3437974339628756,0.48098092273107756,0.0005714486128195605,0.0400846451455967,0.0012032032922593883,0.08652790767969114,0.01765857353916068,0.02645656385612731,1.1259316849890656e-05,0.0027080418635422594
25,0.7151790340198095,0.09266959407442499,0.0542862648800844,0.00025436292804444994,0.0009905182465952417,0.0018631879298908914,0.03819764563007061,0.09350175198662106,4.986058156560586e-06,0.003052654246302277
26,0.060378792879772346,0.13086432393586336,0.0035834223628164897,0.5343964856711461,0.0650188433452419,0.0076079516959167955,0.04560071423157318,0.0005553502348965136,9.336024846218357e-05,0.15190075539431097
27,0.05380883793962919,0.6385526955584594,0.1267594344061083,0.010133017110569182,0.006192418237637981,0.09687573328130827,0.003884745990883232,2.817097227628408e-06,0.06321366425406733,0.0005766361241094059
28,0.2921021572768996,0.0018219606089993734,0.021619718228695878,0.0035842867523008916,0.05649082962583955,0.008800578514769543,0.003800289851921484,0.5837921384679188,0.01142258373202487,0.016565456940630167
29,0.4246453055783568,0.00163377815017893,0.0032543092018585307,0.003847752232084833,0.04885995577030927,0.04991634077590273,0.003439693417779683,0.34671983431974124,0.1017480657369199,0.015934964816868003
30,0.9103516032067424,0.008457621554822346,0.004189618578561902,0.0005839737169926163,0.02646852786241718,0.0289469382398173,0.007510385833202475,0.0134378996239795,1.6636823751834673e-05,3.679455971245537e-05
31,0.06362220136224961,0.03503099866582979,0.0010768359527196197,0.5209381744603608,0.007613258458928481,0.016790563694269945,0.022855098022560888,0.01497020951282976,1.3587016992784564e-05,0.3170890728532583
32,0.9489658434568057,0.02895141129660299,0.005325790040118631,0.0006506063968069548,0.0027847639962267044,0.00016443713634286896,0.002565403076763373,0.0003160212178162314,6.265458636812904e-06,0.010269457923879887
33,0.5180302890132389,0.046842224010901115,0.0019668872008492184,0.0007118793234137306,0.005480604466649429,0.002283383694569598,0.30366018643530257,0.10456911683657964,2.376418948188079e-05,0.01643166482901394
34,0.27765749222699765,0.007584673232468675,0.00569306003336871,0.06633025006752144,0.04881129892977161,0.10142916030358425,0.014534808975348916,0.16211244774825473,0.11881919158939677,0.19702761689328724
35,0.1580751946632502,0.11317200530883108,0.002715502387804442,0.6649430268255497,0.004994110137493946,0.011950186360020822,0.008866924912810806,0.002692249209994303,3.3981711569445346e-05,0.032556818482675144
36,0.05098361975807148,0.20459281340410276,0.02625368657738018,0.0068924369019016775,0.013694890163241883,0.6930655129461017,0.00037409824540508564,0.00015186728017106867,6.728488569119964e-08,0.00399100743873827
37,0.9360473068644213,0.008074362149370486,0.004091061165074293,0.025001519239328078,0.0041715514311297846,0.0046145320547471315,0.002982533172518912,0.006690302321382283,9.355805091527159e-05,0.008233273551112558
38,0.9549265652190334,0.0024395960023068093,0.0004232351124757785,0.00013206672313239388,0.03247066464192991,0.004978597864990939,0.0026569481506509137,0.0017533101697095048,0.00018190398326966108,3.711213250070398e-05
39,0.9757843443112947,0.015221311336966702,0.0055536685554401196,0.0005193387767562134,0.0015271198478952637,0.0002866359691456966,2.9364673275095413e-05,0.0007865148995129574,0.00013057835298112164,0.00016112327673229961
40,0.17919430298312494,0.6123437319817921,0.014148170404112651,0.06020255289270249,0.057534087617395674,0.04502604761731278,0.022641227224117638,0.0006284906829220188,0.0057574967597606155,0.0025238918367591987
41,0.8374929692894864,0.010553838593187112,0.0036919973951273404,0.00024720978568953554,0.02783955431930524,0.02896863259348217,0.020768354568254658,0.014127621228779669,0.010138480276218496,0.046171341950469444
42,0.49089055588265273,0.4940433074752836,0.001371997487280155,0.003001166861900208,0.005442946950194409,0.0006229092428352687,0.0014222056818681515,7.356000483933148e-05,0.0020510610094119754,0.0010802894037340498
43,0.14425603651021632,0.0004822711158464111,0.5009017505333108,0.00025170031965368264,0.0003898274119453406,0.03529881120933952,0.003514039014363129,0.0550483801989812,3.466095686611035e-05,0.25982252272947753
44,0.5569663895199686,0.07817900265327951,0.11047674289615725,0.0045731045644327615,0.011230436264213096,0.014416669832855188,0.011786690533272639,0.19920942586854393,0.002663488144854609,0.01049804972242232
45,0.8405285813399423,0.06796381578646257,0.0014050247253953084,0.031846488404417825,0.009831097457211998,0.004908200252272634,0.03081665854692566,0.0037844864199370965,0.0006015782541641991,0.00831406881327038
46,0.18140944925549723,0.7948791421196862,0.001894438870702386,0.0010965336238856153,0.01588322490871794,0.0008192516425778877,0.0036020639290396165,0.00012615884857516564,0.00023476954243154298,5.49672588863005e-05
47,0.34603939600418127,0.5906517498172025,0.0008894564124130393,0.020816301954638218,0.027499988319870123,0.004446038978869197,0.009401822043897123,1.2447764564516674e-05,0.0002161423991281006,2.6656305235948347e-05
48,0.8742771728068537,0.06726068972263359,0.0003578994946075834,0.0013799937146856955,0.02711792114166181,0.0033576681042834936,0.022133133113993272,0.00038208110913763013,0.0023514139007393274,0.001382026891403833
49,0.17977170662628164,0.009571825773508182,0.003420414285293908,0.2780172545926315,0.01315078527529318,0.06813278375558268,0.003957831554491374,0.4367845653189364,1.3495112597469174e-05,0.007179337705383742
50,0.5595534943622167,0.12305257413975165,0.0023137960430242624,0.029537261538337533,0.01477405696182171,0.13163312741699476,0.05218618295708928,0.051363054019384895,0.02877164151159145,0.0068148110497877595
51,0.13439192893329335,0.7146213760140949,0.15008073325500076,3.176459931681414e-05,1.2490402987156255e-05,0.0008249988586452962,1.1372229267493676e-05,1.718720176851073e-11,2.532038485996161e-05,1.530534689599683e-08
52,0.18211346563393843,0.004708402274305961,0.682804338033033,0.003937795314613323,0.03903361993667531,0.07653468149671355,0.00783196078278366,3.246519661313125e-05,0.0030002412388315577,3.0300924921719133e-06
53,0.1012435420633571,0.03639579319703193,0.0067749795352810465,0.28542911075491356,0.05981802259446187,0.05425986544398299,0.4486916480069581,0.002020607402293607,0.0016630819376407017,0.0037033490640790236
54,0.6290552845363682,0.017443465532972123,0.00016316550584578112,0.03542248897283353,0.041585156026711194,0.012930365127523366,0.0054159577604348625,0.25019945090431456,0.0010247089567574311,0.006759956676238975
55,0.018842595682874146,0.008953793281454167,0.9162379521943814,0.0002292477628270696,0.017948017608681914,0.03655161430880128,0.0006984472285814588,3.762879735970808e-05,0.0004944643816473256,6.238753391694334e-06
56,0.06792281001069912,0.015185065381028305,0.8463821947680628,0.00449673507545805,0.042464182975602754,0.007980962649683702,0.009560206434572446,0.00019767636612752823,0.0008522608868405464,0.004957905451924741
57,0.014499539819167209,0.02403765264996907,0.0024772906459582605,0.0022207015162980515,0.18912917881582753,0.08775844730123596,0.1380010460555625,0.0004027500401537935,0.4501572054840648,0.09131618767176279
58,0.9356737646491541,0.04187364429802568,0.0029004110633868456,2.7986047664141808e-05,0.009807701255946795,0.00014378321838743664,0.004746023838877869,0.002961492774691362,0.00016720004530681773,0.001697992808559055
59,0.0026467147509245926,0.014544900125878215,0.6874169808168168,0.0004726127080909861,0.07666721460182685,0.1668523881416861,6.23384322000334e-05,1.4342797099729952e-06,0.05133225768584586,3.1584570206456283e-06
60,0.738971322598818,0.12302983446347651,0.013020722575791571,0.0070074700368951215,0.015054486943218284,0.04567769750167416,0.01864823959049079,0.0377571254892649,9.183934512796413e-06,0.00082391686585779
61,0.7700858713577683,0.005487489094527511,0.0005661752160997235,0.05080992060185623,0.017070841604122547,0.03290954348901113,0.0846211450131029,0.00672603369155279,0.0006991450035645371,0.031023834928394414
62,0.9674116076215624,0.005290327338342081,0.012877876969682723,0.0006781472613784969,0.0056790656881157585,0.002869772332348249,0.0011706622639920316,0.0008074362386798576,0.00014104444803352144,0.0030740598378648514
63,0.037241898267777525,0.297274508594776,0.0005752151075203003,0.4196331216565085,0.015316497513606002,0.15864485569975542,0.028481499234861773,0.03295885855696444,0.0003230545220272754,0.009550490846202698
64,0.9933061067113123,0.00016669551931786282,0.002780980602651299,8.96363692518549e-06,0.0018592593833788157,8.441345417594634e-05,0.00022537783979327742,0.0015142394965861302,1.3135790100066673e-06,5.264977684925449e-05
65,0.3668494718844136,0.012500633890317518,0.00651172732658167,0.1288284147625429,0.09956644304836784,0.23232877239156524,0.08229260611344401,0.012831553883028198,0.05648237590567234,0.0018080007940666852
66,0.7394251007143872,0.22566371262925236,0.0003258731346060016,0.00029537233456639734,0.0009947443796421188,0.000206615096154687,0.0012568727266954655,8.600317685700068e-05,8.436688668112869e-06,0.03173726911917074
67,0.8159215085580088,0.016080817930522757,0.005690954279472737,0.011964668645665161,0.002619080996100119,0.027778650789779438,0.0016509582950217263,0.09257192753799005,0.002050385148090413,0.02367104781934863
68,0.012132331750984913,0.41261340061328006,0.0007026006375493895,0.4240691790518437,0.04634855195287656,0.013490648268794737,0.08714868843656118,0.00032997473882837784,4.351295456821231e-05,0.0031211115947128924
69,0.10166449439573857,0.7778241558116807,0.006802369396154125,0.04262704666185622,0.035483490302814315,0.011468711178433559,0.019998889260794437,7.1329530468542e-05,0.00044945604244831124,0.0036100574196112445
70,0.8189691153619205,0.0874829413070466,0.05548085574384681,0.0005958527272061645,0.00789041422026616,0.0015167524951995508,0.0051939200848974375,0.01141916861878578,0.00011619481630418097,0.011334784624526723
71,0.8487676045133129,0.0026806636532066075,0.0018061844855155507,6.741066387127175e-08,0.002973620769885184,0.0005138708475951783,8.510216078878977e-05,0.1425743560860899,6.935190637701162e-06,0.0005915948823042995
72,0.6514722466962435,0.03138970204394998,0.0031699277775079837,0.005818858682511978,0.22217858142955776,0.008071701693183707,0.05069059377978096,0.01557695493350508,0.006655274582674563,0.004976158381084417
73,0.4246366817762795,0.004716493747566773,0.003879455252971663,0.06569544399620167,0.0013193201641962889,0.23351163499442293,0.0007259512939432584,0.23750357563114632,0.0001723115980120731,0.02783913154525959
74,0.13099962093520945,0.009961302407450724,0.011492356665556766,0.06846638204980875,0.2726264309921498,0.027792567730424836,0.39503608857394334,0.016572409891647332,8.420995653652888e-05,0.06696863079727255
75,0.5043093545713854,0.0012329986002659402,0.005554253786455287,0.0005106956293701484,0.0035304921488633306,0.0018507076702070485,0.01615530743795021,0.4658114235915381,0.00014151043335543066,0.000903256130609223
76,0.010713342140409109,0.543471189928158,0.44246680027523366,8.170997915556073e-06,3.081620830401771e-05,0.0027433867425090933,0.0005329787742558164,1.8320727448949303e-09,1.5664997416446335e-05,1.7648103725537387e-05
77,0.5193288538247349,0.36900831966590014,0.0007276438098607223,0.0005892283673749625,0.00022167062988872666,0.05472234330895708,0.00018225189453839862,0.0551069815108882,1.2282028923498355e-06,0.00011147878496469313
78,0.0657903995107526,0.11396375201619291,0.6437862838196271,0.002076844626974926,0.0073796032993736745,0.1501561956870955,0.006274434809768744,1.822536281854046e-05,0.009931923701283079,0.0006223371661130198
79,0.13456584003027172,0.008979271990014467,0.01279954034802925,0.0052337496422663,0.03127318707151866,0.15606450005271838,0.040289265312467716,0.0006081033745854785,0.6081144209508599,0.0020721212272680574
80,0.3227509555015404,0.06615837359774737,0.009856655120659122,0.007244319881821609,0.012518529463770254,0.013720045765179784,0.01932097983478492,0.026405657191152752,0.006942049800936816,0.5150824338424069
81,0.02853567569825052,0.05672142063992363,0.35363372230208756,0.008272430046069208,0.0028970997944220505,0.4427461984929329,0.00023276571165340175,4.550751107496411e-05,0.03940295332696104,0.06751222647662468
82,0.805880242899569,0.027491861354591897,0.0002712676735262167,0.0007032148934136483,0.009083102555269425,0.0019843681052815944,0.11084824746554048,0.04260765412501779,0.0005600655819672032,0.0005699753458228044
83,0.8127736042886398,0.030384471150992246,0.00010699067800052381,0.0016258197334898551,0.045456682079802066,0.008597946279572687,0.08652770598050456,0.003686476334699579,0.005338779793624408,0.005501523680674242
84,0.3785999940067793,0.25973753729503724,0.00028672420723234985,0.3473606876422027,0.0011966534012190727,0.009492648827362518,0.002668632362344691,9.193312341449439e-05,5.066924115819797e-07,0.0005646824419961551
85,0.0075946967774704706,0.01753001105058557,0.6175572285741145,0.000487363207904584,0.00045620639850546806,0.01601564183037499,0.001044707714645137,6.631798219103512e-06,0.33930306179451086,4.450853669186566e-06
86,0.8871898495155229,0.00379405894864289,0.0026125556481041857,0.00010413703444826765,0.018887779181134223,0.0004796860394529623,0.06514940299906412,0.013809422828896589,2.178385543288926e-05,0.007951323949301044
87,0.16472787020310134,0.11265266300385095,0.005044051337781316,0.4395063756872215,3.427413035921543e-05,0.0013570591847384698,0.24365597975976563,8.13227250073615e-08,3.19675591002793e-08,0.03302161340289755
88,0.011276475431955448,0.23081946409159804,0.23770008426636588,0.005677740382627815,0.009707656615796995,0.4869790040223645,0.003785454164767115,4.698940978029149e-05,0.00013407794794305706,0.013873053666800897
89,0.091679380259142,0.0011957941814198605,0.021081844520408167,0.18975803879851375,0.0036561010030461876,0.02547809350044168,0.00940597873847437,0.5139147705836009,9.528154728459284e-06,0.14382047026022438
90,0.7254110604579956,0.015405971592995997,0.008281700142599182,0.005537538015269485,0.0025619887086057234,0.017965126117107676,0.029785599510886763,0.18951805759845555,0.0007473058705168604,0.004785651985567085
91,0.492513050232781,0.011144647772481897,0.006494215799513008,0.027339893455649668,0.006677452343861863,0.10693965129510738,0.027680426864306766,0.022441402620111916,0.000626893876135115,0.29814236574005126
92,0.10128638036914947,0.33917458844031556,0.4812462104924197,0.00974033405670784,0.007707940135674985,0.0039436013956392745,0.049467343207409566,0.00245865059692413,0.000374556301880545,0.004600395003878722
93,0.9213421947726103,0.025499415932667843,0.001125125589367086,9.526955601162112e-05,0.03296138388789472,0.0016931147740651816,0.01055077791439542,0.002229559686860815,0.002571510038089208,0.0019316478480378935
94,0.9845681247066884,0.006546486170389282,0.002855988652544153,4.3968511681262746e-05,0.0026512481022903382,0.00017438354815691053,0.0003451222972062733,0.00264536058376914,2.058181230841285e-05,0.00014873561496564003
95,0.7170294779634072,0.07598771908734425,0.0017800837556044367,0.008458371019555459,0.17320562234700776,0.003301947545872689,0.01783745755029571,0.00010872651313342878,0.00214306966137425,0.000147524556404581
96,0.8673090564207855,0.026501749265887126,0.0019645941041409234,0.01806193665319642,0.008955636416555047,0.04207057587471451,0.025265023575217174,0.0031789949098518146,0.0001809683609028519,0.006511464418748545
97,0.008417387887831388,0.015892923467128728,0.003718499326260881,0.0009844418140992116,0.7688902037904847,0.17977852431615907,0.014831550937592529,0.004529368179668084,0.002885783168658905,7.131711211650612e-05
98,0.2364069806620565,0.4145015117037982,0.038839599305118946,0.10517137500512944,0.005172130260336889,0.08616479660530972,0.08419211862916147,0.026401003897870725,6.113649402851123e-08,0.003150422794724107
99,0.19803364500641055,0.6515999473659858,0.009991881085141903,0.0018267949020520293,0.06453658485694673,0.02176154348480773,0.0493056842573133,0.001903028871288276,0.0009546365052588336,8.625366479503334e-05
100,0.16713256108037577,0.0006752496745481728,0.48478483026502095,0.04306621312976966,0.025077238410268272,0.015289027419237213,0.018862090172351548,0.2195702880845795,0.01778098914353872,0.0077615126203103065
101,0.910508965865338,0.0076868096776413234,0.0013309684509004657,0.00024985177758821153,0.05743345033574712,0.002398534588753818,0.015376934521630421,0.0034681874992896333,1.2819819817819725e-05,0.001533477463293008
102,0.15338505536705888,0.016236529899396186,0.0006344149088685988,0.3988910742037714,0.07484630508793921,0.008707118441830365,0.2324187059842138,0.004084644257436295,0.005367900648505413,0.10542825120097987
103,0.24186258509063716,0.015822190872993896,0.0006145844698832417,0.08712387756710163,0.29234393024724903,0.04354881838463797,0.016043630923790353,0.009343461605964071,0.04476511314783718,0.24853180768990557
104,0.7837239163522831,0.023290898572587895,0.0006162037036046281,0.011000999018799387,0.07292160604502802,0.016716341723564922,0.08551928555692812,0.0038577920263785756,6.219336147234448e-05,0.002290763639353038
105,0.05172812027909728,0.16191825868085263,0.00010908663757044942,0.4675144440874411,0.027354616662608983,0.00025631452103866734,0.2780165900636293,8.625833183785753e-05,0.012976587734734982,3.972300118884452e-05
106,0.6707653618737623,0.24756858180181548,0.001968300689347562,0.0010805316952321434,0.011085402796189591,0.0023071897944780817,0.0019671408291798928,0.058527849077350945,0.002326261276244811,0.002403380166399348
107,0.7234042300645277,0.002082364591787159,0.00021196853767927525,0.0007139596266005272,0.1224493128201006,0.005245314403129694,0.003654528797272318,0.13912106508049812,0.0020935591801783883,0.0010236968982261434
108,0.9906605321125371,0.0026441405435933805,0.00011545637968558319,0.00017875605947379378,5.0458403664303146e-05,0.00044126285683891817,0.005087309124588877,1.8035058051356022e-05,2.8997089278210442e-05,0.0007750523722884878
109,0.1347376169864663,0.6443663074103871,0.005772451629698021,0.16213993100421412,0.00974041268691345,0.012466781399172023,0.027958576711241776,0.00019851984677095235,0.00017780056766200498,0.0024416017574742017
110,0.38363880878922124,0.003268051904361214,0.016507232400815246,0.051924193702833625,0.002444908260675344,0.0018538807511191502,0.0002619691440917725,0.5227917558324261,3.027927811213242e-06,0.01730617128664502
111,0.05295116466550041,0.055680307376094175,0.8357369032880272,0.010232147451873378,0.0009328607725859904,0.014462917310997357,0.013901054343247931,0.012546156333945244,8.089291329549785e-06,0.003548399166398811
112,0.003795552097661761,0.7004430424106177,0.28136183845291346,0.00040614713113250057,0.0002003430337812142,0.00835958578060922,0.0028807124882621253,4.870578427045234e-07,0.002549776531467726,2.515015711814895e-06
113,0.9414289410457258,0.02491465827201461,0.0011494625157319799,0.00018015516772124448,0.0029917397783928413,0.008519704393317359,0.004532206619360915,0.015796674936065302,0.00020923689784555893,0.00027722037382446894
114,0.648651197085305,0.015463523692000589,0.003828135552870119,0.004246450261640962,0.012091886307365176,0.003417401539800425,0.03762290951200629,0.25277697662132936,0.0007717754898598252,0.02112974393782208
115,0.9503481796612883,0.003704495284878446,0.03393412533651127,6.406336141168564e-05,0.004998020750004925,0.001210088119695409,0.00048025034116610453,0.005157410458505027,4.647424309819999e-05,5.689244344092199e-05
116,0.22051165606699055,0.00045081080622409487,0.0002647032030188357,0.41413125901443215,0.004609468351029328,0.013980011206202295,0.0384154449070857,0.2985631513102426,0.00031715846755391665,0.008756336667220537
117,0.9730035204836716,0.01118086255463447,0.008795124158383717,2.9265349520244987e-05,0.0025051529403976244,0.0001923238943426054,0.003836707887443012,4.9337160203367715e-05,0.00016469756696245566,0.00024300800444091786
118,0.9559557547933056,0.011445190975615005,0.007739018414973145,0.00023623800048977616,0.005083922282694222,0.006624991284172597,0.008987896026159905,0.0006319695020945828,8.906669719594214e-05,0.0032059520232991146
119,0.9634071799334865,0.0020574868473477283,0.0009505150942051505,7.045784637032426e-05,0.022278212684699088,0.0003776761464009473,0.009281503856882067,0.0006266195062603262,0.00010358083526209176,0.0008467672490858305
120,0.6915064480608163,0.018548525277677242,0.23231610646564785,7.173414765710227e-05,0.012980937069546814,0.0003370556069361289,0.0019334975683216872,0.010836633089322712,0.0002946610895596189,0.03117440162451468
121,0.7203832044255317,0.014479368956508263,0.016124781902440544,0.0001952978574121036,0.0019392452360385488,0.001147804382380203,0.006678076062232091,0.23899118788936613,1.6698398411817862e-07,6.086630410627309e-05
122,0.9783578284594395,0.010494216507711918,7.111450060060666e-05,6.144259745999814e-05,0.0021880123597413973,0.00018162445705453598,0.008007421096546077,0.00018994965796994133,1.553018225780022e-05,0.00043286018121855657
123,0.13204492870717374,0.5147826863794541,0.0026829227002187627,0.1791216845065534,0.14348856990875894,0.009203369951546579,0.008376366403512499,0.0012320390467278977,0.004700410246554967,0.004367022149498903
124,0.9484365054757442,0.02381676938422787,0.0002889065266637642,0.00013467695698381134,0.008666904824559906,0.003761887486247975,0.008307567159331683,0.004416271981426323,0.00014307680452092596,0.002027433400293498
125,0.08039298463640825,0.019432825126981072,0.6675470586845047,0.002705385381499073,0.12223459385123017,0.013764250751810836,0.09323111194191018,0.0004516776995745177,5.764738169770721e-05,0.00018246454438350997
126,0.20481632158857438,0.22986400622913622,0.023862897955916437,0.01213800167822931,0.3379357844975914,0.022351977403457693,0.09488913509290654,0.0004613914519364927,0.05632025428709238,0.017360229815159053
127,0.8826542568283804,0.02022727015509848,0.014345279460885606,0.0006050114251261879,0.0065463720399556585,0.00787881905421942,0.0402854037617477,0.0037301683322819978,0.0005668007765592904,0.02316061816574519
128,0.9899601900158713,0.006601791720168923,0.0011624650784465415,0.0005374258372369419,0.0009295947953041596,0.00017151967828313812,0.0002370512274340822,0.0002320745245134389,1.6432175802864107e-06,0.00016624390516125219
129,0.009259069067111898,0.30554295666747033,0.2603265120263575,0.18627331752871396,0.00012913446941660448,0.14708236063306632,0.00023297291941171578,9.044831581330448e-05,0.07673866196480417,0.014324566407834067
130,0.1937499647508241,0.7959494777056138,2.4780141487894527e-05,0.007156061836605365,1.380091621773763e-06,0.0013076345830298148,0.0017758908362034134,6.137692042184312e-08,1.06374544951121e-09,3.474761394818518e-05
131,0.08438357418242252,0.0011548413346949694,0.0009072582520092111,0.01432150844838963,0.7228073829877948,0.14037337455568652,0.03448974721593076,4.9859272129981396e-05,0.0015119504900942226,5.03260847334429e-07
132,0.8155110112498579,0.001340038929517421,0.005528036584331289,9.263354761891177e-05,0.029073244535345145,0.002570589463274654,0.006812255618465634,0.1344803581498455,3.9834246985635874e-05,0.004551997674757791
133,0.8582442275486283,0.007280630806112102,0.008250199637441901,0.01224630171505457,0.012767977157872304,0.013658346028049677,0.024212560444282508,0.03550652778056802,2.3369595637671103e-05,0.027809859286352875
134,0.040999546118353485,0.0415100951563196,0.0004150452922310601,0.0864095946961638,0.26447696210408167,0.13527002434895077,0.0820598071272372,0.19408728162657687,0.03293604748956275,0.12183559604052283
135,0.7770024520635703,0.0035672766969952288,0.20369911804676494,0.0024011852545275363,0.006804556682398687,0.005059280822765699,0.0007694337413523952,0.00012871886412176524,0.0004925801594225649,7.539766808092852e-05
136,0.057167402378527174,0.027521833272057785,0.0010806459482057156,0.5698505438221426,0.04168660811491714,0.11147413947367774,0.00858731066078287,0.17165447808660197,1.517183784572178e-06,0.010975521059302369
137,0.08442656656794373,0.044107205416681505,0.0979522227413764,0.007283751026854919,0.001306207892259489,0.7136821859493956,0.01045200069832318,1.533632359310293e-05,0.04074648332378696,2.8040059784853326e-05
138,0.13546781486866225,0.0010181580205158964,0.8327924870824801,0.0030305447881128003,0.011964843786294947,0.014380762648100955,8.4825547161725e-05,5.59490938153916e-07,0.001256366741842578,3.6370258905390778e-06
139,0.7818701430579899,0.00261640437692241,0.0822948818794607,0.051896797561203675,0.023673898302560115,0.0166061880441951,0.025560501369966446,0.0006580250333332335,0.012039746330281471,0.0027834140440868567
140,0.792821939835778,0.034304269923363544,0.0014138079025541339,0.011218060436766953,0.00747000189351741,0.0060595831113205365,0.024453364915740763,0.10136343116371643,0.00021515256168390864,0.02068038825555852
141,0.6452645244587131,0.10554766575306936,0.002275812531901582,0.02019192604237748,0.0120203413561606,0.01286775460813585,0.00871157144726113,0.18875858373725762,0.000908798885115686,0.0034530211800074787
142,0.32735798915441294,0.02532724632522849,0.003297704567556512,0.004448153309975857,0.00875193420773242,0.00012656337972808098,0.011368545287734904,0.613575439865645,3.302744384928338e-07,0.00574609362754721
143,0.3530873974663305,0.09732065647211796,0.0005607462837939637,0.001319602886156727,0.19283145477720656,0.008879687563568484,0.3363897351387628,0.00783029858363842,0.00020094008322753395,0.0015794807451969342
144,0.9677674231880015,0.005796397695386236,0.0013103878210292902,0.00044296530548615593,0.01058368737959857,0.0003541656949125523,0.005983120435728283,0.00774484670086478,2.5474349007252626e-06,1.4458344091751622e-05
145,0.1999783948394266,0.01301096754769623,0.011803349189949349,0.009818645572148059,0.10383801046526363,0.22870367352017784,0.14676101407408068,0.001418141207853586,0.0029471364761533576,0.28172066710725063
146,0.5222374670943362,0.0014279374632815446,0.0008646114144978125,2.660057182588869e-05,0.008260521813232351,0.0003594825262288715,0.0010227574113853975,0.4118162519713186,0.050813849209679934,0.0031705205242134934
147,0.4866635185647506,0.07073680649083829,0.0006542908624263056,0.12354239358037555,0.036726417987555375,0.01272623570946088,0.01430388823852774,0.25003467847273414,0.002076272946432716,0.002535497146898449
148,0.8064104478336214,0.018498439185951458,0.001505275784307456,0.010695989763093513,0.07405127070300292,0.062518461870825,0.020816138823311108,0.0028013099020905725,0.0011354082926161618,0.0015672578411803431
149,0.04476834799723973,0.045510534758035286,0.027575131428862233,8.314925865808536e-05,0.7621557437239046,0.01122119642545789,0.006849980600143405,2.5521974252209813e-07,0.10182872374942323,6.936838533166778e-06
150,0.4963586610219228,0.4762380259805839,0.013997236025001485,1.2565128805509223e-05,0.005541560977131799,3.178751396249773e-05,0.001960591539699617,0.002195056714854407,4.1443455197119896e-06,0.003660370752518466
151,0.3547059644085419,0.6149729373320932,0.0012195452544388728,0.008508473882018612,0.005352609529634438,0.0018627193465905966,0.012379400553330613,4.90148365170433e-05,0.00050656727323673,0.00044276758359806744
152,0.46770675997606814,0.0023687337573573652,0.004467231359044354,0.1438157241483778,0.06381050986932964,0.0261561654258704,0.07200459285631229,0.17635425684436212,0.03733506626258102,0.005980959500697019
153,0.1756815271420956,0.8173367165006309,0.0006080781783948231,0.00385082865743526,0.0020354836454748717,0.00012843880609458464,0.00027709129987605675,9.508405072187252e-07,4.3001595653584295e-05,3.788333383711109e-05
154,0.034622156114161244,0.3715215764793793,0.0035788308419948604,0.44254628731686263,0.1146900552922981,0.005134190038586575,0.01926181540103958,0.002610003376537643,0.00021447968498826444,0.005820605454151769
155,0.08945904399783357,0.35873118266876725,0.021574808471117233,0.0274890877076526,0.0010276516146304618,0.41370472072204145,0.08626106784262795,1.4755738644685223e-05,1.46638385006265e-05,0.0017230173981843077
156,0.6738751998478849,0.09865813865061272,0.00015673736600095158,0.1981550387865912,0.0036033958159065755,0.012813371287913872,0.006251074687680757,0.0029540872343278794,0.002326296648264471,0.001206659674816727
157,0.09692478249493597,0.0067294716616442705,0.006918962997349093,0.0008937912592761665,0.14265892187727658,0.05310146916457384,0.1492089075014963,0.5324099752581012,0.003716954027576424,0.007436763757770276
158,0.6275921126766958,0.05016637388859318,0.002847721613472541,0.00178864258039379,0.13386302921483484,0.03971792053964464,0.05958627228329988,0.02875388924867955,6.386473532024401e-05,0.055620173219065414
159,0.700398893324624,0.031787522449746336,0.0006330672963198686,0.014024522278461694,0.07988205753689517,0.03890660066298501,0.03511066155389371,0.098386056715413,0.00014678549171269394,0.0007238326899484848
160,0.3275557528209008,0.03152716281844482,0.022027442342748723,0.30792411224089633,0.26087182353538646,0.020174857554042417,0.007758400627660562,6.315483025471226e-05,0.00022097052915354614,0.021876322700511503
161,0.8276974057130957,0.021611461526065488,0.0031495976990547933,0.00013065227855132608,0.011457874361824504,0.015455611362942469,0.07630336836365073,0.04215731948031091,3.2223121724502276e-05,0.0020044860927797554
162,0.308339434029054,0.11309762745815964,0.004222574016660122,0.06466198655722079,0.04120109186356419,0.3033107058736768,0.10984503609428535,0.010518898715091938,0.04264290199215641,0.0021597434001306356
163,0.4544007243134571,0.006910854933949834,0.010652381886937337,0.012486476850265393,0.15779240278741688,0.03454438294546615,0.11040109155422549,0.1986100646955562,0.0040190477574235176,0.010182572275301996
164,0.024153450837496072,0.8384890933777535,0.0014170493406035715,0.0037736349007522906,3.7899302637593965e-06,0.07564286588995002,0.05651976530424307,5.500405842126202e-09,1.5422645046168585e-07,1.9069208145923178e-07
165,0.23285051620379824,0.019061023066128183,0.0016917292981965548,0.19923739521641726,0.1134145210470377,0.08656615473235119,0.06228596816252787,0.08456553016150833,0.01304204724267257,0.18728511486936206
166,0.604242802177652,0.10389285570117202,0.019398239792673716,0.07679104332117735,0.02629502300220937,0.03234978735137131,0.06727275741182999,0.03771889626873184,0.027920082715662008,0.004118512257520355
167,0.44319127209527853,0.022312921255494382,0.0012104586182435555,0.010311460447492716,0.04927637888992691,0.029197109094758502,0.09082665716578729,0.313691078658282,0.00012510453227557606,0.03985755924246073
168,0.898925896061782,0.022376004648037753,0.010639821829378815,0.0038175861516676584,0.009654863279033848,0.01903030632187536,0.028610279480731814,0.000909076920711,7.298054905081906e-06,0.006028867251876726
169,0.4597534018272998,0.02290652774318571,0.0827712518554461,0.050312753110967036,0.00858014463085268,0.35049929333998864,0.006521440225074076,0.0029168704268577404,1.9510283737467208e-05,0.015718806556590734
170,0.1838039917278328,0.08305044562725326,0.0037527707043642005,0.08380391391207663,0.25190971138052193,0.10064039711006788,0.017804486466123363,0.027634547999191163,0.01482547705080305,0.2327742580217657
171,0.119584706573806,0.8247406113772044,0.021060014793481015,0.009073194376978034,0.0003268508441208953,0.013166447567831694,0.011434361742055843,4.133144942105497e-06,1.8979105942073595e-08,0.0006096606004739826
172,0.5166217475383478,0.006060523519440027,0.00022072302455164368,0.026638386671532004,0.23743909588980994,0.11177451148890127,0.01564370678014213,0.04525978539741292,0.004790992316290249,0.0355505273735719
173,0.5039182011045773,0.0003660881945995159,0.0008890635457880012,0.0009399733832728218,0.031184427197696457,0.006106437600193696,0.00936678465665589,0.4464837378572181,0.00032866653454863883,0.00041661992544965833
174,0.6737707395701255,0.020083791517049792,0.002005658976718813,0.09003321519424688,0.0075489911072468795,0.13454194076507242,0.0018280267406693023,0.06778777799969996,0.0007361754860290424,0.0016636826431414209
175,0.8538023665018605,0.0033599784001806686,0.11937009024673526,0.01541438035979329,0.003301318369213215,0.0014709798875991449,0.0015490782252018489,0.0006801868810656544,8.991323335348723e-05,0.0009617078949969394
176,0.47634434501918616,0.5053040727888851,2.2298579684381672e-05,0.002407791602490137,0.008241183385012988,0.0002652353707843846,0.0073658358019245114,8.837526869502283e-06,1.51543208964403e-09,4.039840973088587e-05
177,0.5866793125677667,0.35200841619255163,0.03311796058145934,0.0002449560432906243,0.0008012696291758004,0.003797931199248299,0.00841789514289726,0.010343151963467325,1.5616754017020016e-05,0.004573489926125913
178,0.6052348429916847,0.158081512954776,0.0010575799878509195,0.002868144820918418,0.1339319006511653,0.037920940920918085,0.03662369313130633,0.010221165132848412,0.00010850665883979555,0.01395171274969195
179,0.4573768565292296,0.013716944763110625,0.023366801018488714,0.031578423983987663,0.03872272758508148,0.21436121759777177,0.0007219339194178682,0.1328431606016535,3.576458212670053e-07,0.0873115763554375
180,0.8021020680113689,0.14745464128766117,0.00541453937507619,0.0019333156638177544,0.0017962192769793005,0.005478423841308733,0.023995780720059104,0.004662173324520387,2.6380789078849568e-06,0.007160200420300666
181,0.8248503111048213,0.003910707266142954,0.0016772725354782861,0.0065390518187308,0.0007243399999550687,0.000806692662488484,0.0029507090405484016,0.1329560208020627,1.3069118590505866e-06,0.02558358785791298
182,0.9261320837916746,0.038825090088034496,0.001791079485148087,0.006102624653983306,0.0047738848884703216,0.004611273512593114,0.0014115354035125374,0.006391285928119186,1.8917969230838005e-07,0.009960953068772123
183,0.03052579107263626,0.9427168415826519,0.01197616104987716,0.004704819526420159,0.0069517254105750945,0.001342205579485107,0.0017238076379268883,5.763963564039877e-09,5.839518478550512e-05,2.4719167836458636e-07
184,0.04094316036102466,0.14483878011639909,0.04353500226070763,0.009212233153394714,0.0008190605956539845,0.6128445059408502,0.14779692795007454,1.6338083981663965e-09,1.4876359712201037e-06,8.840352115730298e-06
185,0.3931009749565214,0.26803609965774605,0.003441331521513366,0.07386751129866309,0.11280683973167772,0.03812376459613523,0.10368929774502052,0.0015685032923009306,0.005108919808930432,0.00025675739149110135
186,0.9755093752413395,0.007419447965341426,0.0017586683836237048,1.2254269045197628e-05,0.006982783887068993,0.000613106576103446,0.0015260354112989762,0.0004350907167813749,7.616329039855018e-07,0.00574247591649332
187,0.05034933155411124,0.0032061307469339042,0.9026399903209642,0.009431913797548229,0.011690386843414521,0.012839541530947865,0.005096347800866613,0.0024621279344306806,0.002184009641837988,0.00010021982894464505
188,0.38055203471975113,0.00036861322998970236,0.34728027991534655,0.07378951933512,0.015197218204497117,0.06741117918917063,0.01542669456639743,0.08549044420194417,7.138439590694897e-07,0.01448330279382425
